11545344
21925830
41444655
583513
18239513
1181735
3249820
12756360
18823792
58184
725229
20493433
25979214
31345221
39723594
47003810
31173
3139759
3932732
7963985
22511668
28365737
32400000
44264189
46094724
52472116
70913626
46173
1383845
2111277
3161838
4878324
5167362
5695578
15092252
18940990
21818583
23957884
24419172
25600691
26817750
27241531
28201118
69890
176983
253190
289271
369748
373880
438189
496750
581377
774649
815721
917573
994549
1213733
1439136
1616935
1664769
1687827
1697194
1712555
1714265
1784483
1893222
1995917
2138386
2147879
2322146
2348129
2491288
2633178
2826492
2996999
3141353
3451747
3513636
3898285
3995990
4379657
4644884
11317587
18820201
19170665
21132001
21625317
22052599
22552473
23208092
24021255
25998216
26793458
27228161
27369533
27674764
28578349
34594649
34802375
35797092
39530361
40112249
48712341
49915148
51909489
52775527
52917997
58582374
63804702
68515218
70880650
15399
18250
25142
25396
25432
27889
28739
32550
33478
33829
39744
41928
48225
49166
58558
65925
67183
68541
78447
79542
81657
91357
96837
114472
119745
121788
122841
127626
137387
137951
141683
143194
148161
149593
157294
159768
161543
166739
171962
174762
182497
184850
189384
195189
195317
199142
219598
224362
225550
226378
226410
227935
238653
242761
243462
243971
245120
249332
249678
249825
251696
253658
254411
254662
258735
259229
261561
264596
265335
268418
271672
272862
278927
279577
282729
283210
283219
284163
284556
285674
285769
296490
298850
299645
312788
314275
316448
324867
326754
327272
329424
335645
339799
344421
344753
349835
352311
352835
355155
356434
359689
359885
365559
366421
369358
387830
388615
388642
394483
396849
416451
417656
422327
425181
425388
426170
426599
429999
432257
434312
437180
438479
444286
448637
449445
451494
457763
463282
467365
467761
476296
479351
481238
481539
483535
484257
484674
487663
488450
492280
495310
495412
512597
512760
512990
517137
519188
519457
522269
529428
531776
538524
539845
541494
542381
544562
546129
547665
552571
556110
562857
564238
565357
573243
574310
577625
578654
578986
584256
585986
587137
587958
588822
589182
589838
591789
594846
598798
613768
626457
627558
628363
634221
634520
636714
649594
649933
653424
653694
656578
659485
662528
669745
671543
673855
675926
676999
677143
681339
681425
686532
696299
711464
711995
713928
716293
717281
718893
722570
725756
731141
733187
734751
738498
743859
745818
746973
747111
747650
755269
755988
756994
759697
764893
765478
772730
776240
776545
778338
783771
791114
793326
796820
797374
797582
814862
818634
826156
832938
833430
833831
836382
837895
838983
839647
842147
846464
858262
863228
864133
864887
867510
867966
873927
874467
874684
889876
893630
894438
894471
898364
915370
916825
917916
925496
927317
928665
929217
931722
931782
934888
935751
944472
944788
952426
959265
962985
963279
969731
971814
973690
984369
986174
987393
997682
998684
1112614
1115789
1119239
1122226
1125386
1125877
1128617
1128950
1129294
1129569
1131377
1131650
1132360
1133340
1135187
1137265
1143313
1149794
1153534
1154157
1158917
1161342
1162698
1163833
1166250
1166292
1169432
1171399
1171453
1172240
1185127
1188573
1189125
1193289
1194718
1194763
1196159
1196225
1211843
1212433
1213465
1214286
1222319
1224483
1226710
1228143
1229328
1237457
1238770
1246279
1246349
1246950
1247665
1248633
1251795
1252817
1253327
1254788
1258360
1259478
1261472
1261914
1262248
1265329
1267155
1267777
1271197
1274162
1276133
1276359
1279151
1281349
1285487
1286278
1289961
1295451
1298412
1298797
1311341
1316448
1321638
1323414
1324594
1329288
1331854
1332262
1334131
1344246
1345419
1348493
1348990
1349410
1351528
1355889
1359655
1359729
1365225
1375415
1376188
1386153
1389598
1389789
1394271
1411616
1413350
1419798
1422321
1423886
1427391
1428958
1429277
1437540
1438353
1446838
1447816
1456871
1462819
1463977
1469226
1471257
1472744
1474522
1476294
1479323
1482335
1482952
1484656
1485553
1487278
1492642
1494197
1494825
1496435
1512597
1516662
1517250
1517799
1518923
1519558
1521562
1522532
1523350
1534832
1537465
1538872
1541760
1553582
1553893
1557360
1566327
1571868
1574794
1578935
1579934
1582511
1589732
1591913
1592187
1594940
1599530
1611743
1612432
1615548
1616682
1618629
1628382
1628665
1631387
1636152
1648347
1648818
1651369
1654638
1657866
1666559
1668135
1669127
1671826
1672419
1676710
1678421
1678510
1679545
1679666
1683673
1683919
1686849
1687282
1689393
1693328
1695425
1697248
1699378
1713975
1728377
1732219
1737166
1738845
1741499
1741669
1744585
1748453
1748827
1751835
1751962
1754221
1754616
1755117
1755853
1757446
1758134
1763945
1773695
1778510
1779148
1782161
1782722
1782966
1788747
1791442
1791769
1793180
1794335
1794818
1795530
1795740
1796358
1797927
1798158
1813154
1814416
1822646
1823493
1826461
1827872
1829675
1834755
1835923
1837515
1838123
1838951
1839677
1841239
1845736
1847896
1849599
1851472
1854720
1855197
1858261
1861193
1862778
1862975
1865168
1867571
1872688
1873747
1875797
1877545
1878194
1882781
1883211
1883389
1887398
1888737
1889392
1892123
1892633
1892790
1911229
1911243
1912831
1912847
1917258
1917563
1919131
1919741
1923191
1923991
1926880
1927165
1929141
1932296
1933832
1935850
1941633
1943292
1945551
1947399
1953889
1954350
1958159
1959580
1961948
1965150
1965155
1965279
1967643
1968742
1969558
1971910
1972176
1974854
1975730
1976418
1978275
1979435
1981461
1993339
1994970
1996140
1998431
2111466
2111572
2113931
2126834
2129916
2131946
2133746
2141714
2151556
2159612
2168411
2172759
2174331
2174359
2185340
2186344
2191368
2191944
2192268
2192697
2198356
2213629
2214694
2214743
2215684
2217945
2219565
2227256
2227664
2235990
2244696
2246461
2247690
2265270
2265833
2268262
2276725
2284561
2286722
2287624
2296844
2297231
2311260
2324817
2326356
2331819
2341641
2342182
2347766
2353173
2355875
2356429
2363719
2363985
2367826
2369590
2372286
2374412
2374430
2374674
2382621
2383622
2392977
2395722
2396182
2396956
2427175
2428421
2437711
2439463
2439515
2439526
2439562
2439832
2445561
2448557
2449323
2449543
2451633
2453865
2461527
2479461
2481731
2488388
2488910
2494945
2497826
2514849
2518748
2526172
2535411
2536752
2539940
2542746
2544770
2551926
2559140
2559994
2566353
2574782
2574967
2588124
2591959
2594520
2594759
2599626
2612415
2615217
2615686
2618323
2629385
2634916
2635474
2644279
2644623
2649967
2653982
2654512
2655958
2656726
2657946
2659111
2664129
2664315
2671538
2672841
2687537
2688523
2689650
2691587
2711986
2712757
2723672
2738329
2745425
2746936
2749761
2751352
2762986
2765310
2767516
2768596
2779636
2783266
2784488
2791655
2795472
2818855
2829488
2835232
2839313
2846921
2856716
2862798
2867529
2893628
2895290
2899115
2915266
2925822
2926612
2931178
2935265
2942528
2951419
2951573
2964790
2971573
2982611
2982993
2983351
2986631
2995281
2996392
2998798
3127783
3135387
3138737
3149152
3162252
3167538
3178710
3189414
3198527
3212525
3229774
3248221
3251273
3251889
3254610
3254947
3255298
3258489
3262347
3269461
3272568
3275498
3281638
3287587
3299671
3328244
3343850
3357165
3368946
3376520
3393587
3398247
3425836
3447385
3452263
3457595
3459198
3462434
3466265
3466641
3467841
3469581
3479691
3488368
3491825
3491877
3492378
3492569
3494499
3495867
3496116
3516256
3518362
3518764
3518899
3522679
3526155
3534152
3534273
3545618
3551164
3561746
3566848
3567755
3567957
3574814
3584418
3617758
3623825
3627422
3643816
3668822
3671955
3674341
3674959
3676628
3695794
3725493
3727787
3729382
3732776
3737263
3737346
3741262
3752934
3756496
3763198
3767436
3772434
3775391
3779779
3784812
3786538
3789977
3792268
3799322
3799522
3832867
3847514
3848670
3852543
3852638
3853247
3862664
3883122
3887551
3887558
3888150
3888197
3896626
3915380
3923112
3936138
3949315
3959298
3959534
